<?xml version="1.0"?>
<opencv_storage>
<calibration_Time>"Thu Jun  8 12:39:51 2017"</calibration_Time>
<nrOfFrames>25</nrOfFrames>
<image_Width>640</image_Width>
<image_Height>480</image_Height>
<board_Width>9</board_Width>
<board_Height>6</board_Height>
<square_Size>50.</square_Size>
<FixAspectRatio>1.</FixAspectRatio>
<!-- flags:  +fix_aspectRatio +fix_principal_point +zero_tangent_dist -->
<flagValue>14</flagValue>
<Camera_Matrix type_id="opencv-matrix">
  <rows>3</rows>
  <cols>3</cols>
  <dt>d</dt>
  <data>
    3.0921264288155221e+03 0. 3.1950000000000000e+02 0.
    3.0921264288155221e+03 2.3950000000000000e+02 0. 0. 1.</data></Camera_Matrix>
<Distortion_Coefficients type_id="opencv-matrix">
  <rows>5</rows>
  <cols>1</cols>
  <dt>d</dt>
  <data>
    -8.7033690415708485e+00 2.4467293309429280e+02 0. 0.
    -1.9172055241203414e+03</data></Distortion_Coefficients>
<Avg_Reprojection_Error>2.0077045654609802e+00</Avg_Reprojection_Error>
<Per_View_Reprojection_Errors type_id="opencv-matrix">
  <rows>25</rows>
  <cols>1</cols>
  <dt>f</dt>
  <data>
    1.91156900e+00 1.94686949e+00 1.59785736e+00 2.35064316e+00
    1.71603608e+00 1.58392608e+00 1.51515591e+00 1.32024753e+00
    1.79638016e+00 1.84606028e+00 2.60656381e+00 2.43880177e+00
    2.33531404e+00 2.37476492e+00 1.29134154e+00 1.56415164e+00
    1.62629139e+00 1.96356368e+00 1.95429981e+00 3.15629745e+00
    1.03684962e+00 2.46993470e+00 2.82002854e+00 1.69300079e+00
    1.70175898e+00</data></Per_View_Reprojection_Errors>
<!-- a set of 6-tuples (rotation vector + translation vector) for each view -->
<Extrinsic_Parameters type_id="opencv-matrix">
  <rows>25</rows>
  <cols>6</cols>
  <dt>d</dt>
  <data>
    1.1256969277260571e+00 6.3888481938510593e-03 2.9166643898156090e+00
    1.1393502650319516e+02 1.3163809872454769e+02 2.2168496135266587e+03
    -1.1245472539473855e+00 3.6502901314179347e-02
    -2.9144929860264073e+00 1.1968287123545653e+02
    1.2521175654537636e+02 2.2964414064079488e+03 1.1294351815027104e+00
    3.6565213362559591e-03 2.8900710779421832e+00 1.3029695071225834e+02
    1.4303847303255699e+02 2.4503931005814184e+03 1.1355891560812374e+00
    -4.3117490713508587e-02 2.9252171141988499e+00
    1.2629744454626366e+02 9.7700098044624937e+01 2.4457159204157529e+03
    1.1271343440744805e+00 -2.2844887468560834e-02
    2.9189012865176145e+00 1.2364230357855895e+02 1.2357872078963585e+02
    2.4332635545009553e+03 1.1496492582058531e+00
    -1.7868102510471235e-02 2.8944164792237959e+00
    1.5724641673730954e+02 1.3245478065035886e+02 2.4333509388483203e+03
    1.1234304745483892e+00 -2.5175584167202485e-02
    2.9239403762931819e+00 1.0033353892918724e+02 1.4703747216971752e+02
    2.5633132051122388e+03 1.1142140108640008e+00
    -1.1511405487152728e-02 2.9216224262130885e+00
    9.4761594771542107e+01 1.5616162410427611e+02 2.6255311074218002e+03
    -1.1269926982764862e+00 4.2850516786487436e-02
    -2.9228128997214013e+00 1.0273334941704863e+02
    1.2810258620704019e+02 2.5970812609725158e+03
    -1.1088816606691427e+00 2.9281172346772487e-02
    -2.9423107249539675e+00 9.1518489217734995e+01
    1.3484902226437131e+02 2.4879049230723022e+03 1.1180649384259331e+00
    -4.7304684647558368e-02 2.9317403805232392e+00
    1.1261911926717239e+02 1.1137186558121910e+02 2.3008251564215943e+03
    1.1494014810557509e+00 -2.8155182508923713e-02
    2.8891933601367512e+00 1.6462267469496086e+02 1.2471504191413342e+02
    2.4068197021575766e+03 1.1489286665642151e+00
    -2.0780698514430446e-02 2.8879546268529293e+00
    1.6527652648205037e+02 1.2677024137124587e+02 2.3991034435096831e+03
    -1.1529311897467007e+00 5.8319104546365796e-02
    -2.9229921817773463e+00 1.4687663525819667e+02
    1.1756471515252417e+02 2.5047584767792523e+03 1.1520555537419377e+00
    -1.7542518310287109e-02 2.9037203682562289e+00
    1.5724448822856456e+02 1.7508240394900207e+02 2.5298518042075684e+03
    1.1478148850523029e+00 -2.7647746549367743e-02
    2.9153800094548981e+00 1.5121280629947265e+02 1.5572776926866661e+02
    2.5101808575717132e+03 -1.0861176228035878e+00
    1.9472072923201428e-02 -2.9240118338361776e+00
    5.1235144733791913e+01 1.8502439807455832e+02 2.4368657070862728e+03
    -1.1206980180160644e+00 4.9216852043012557e-02
    -2.9244623847213229e+00 8.8490590964349153e+01
    1.3507388852834302e+02 2.6008555280732180e+03 1.1358516521058426e+00
    -4.2441280671560055e-02 2.9211361397955238e+00
    1.2516038956815335e+02 1.3694527775653859e+02 2.5982947332877270e+03
    1.1803510426646036e+00 -4.9153934974161699e-02
    2.8898644394278703e+00 2.1833597371577002e+02 1.0697298959209743e+02
    2.7283659171861859e+03 1.1658469392027675e+00 4.0860839448102109e-03
    2.8808240542739312e+00 1.7381485322208394e+02 1.8526507692210970e+02
    2.4311098053337573e+03 -1.0961749825133400e+00
    9.1509485651139810e-02 -2.8555514045159707e+00
    1.0025895922642138e+02 1.3299353219324223e+02 2.3188395617513743e+03
    -1.1007612558168582e+00 8.0948598447601008e-02
    -2.8798297955912719e+00 1.0785796578267761e+02
    1.1482880101461247e+02 2.3870523950112997e+03 1.1257755816714696e+00
    -7.9170169079981591e-04 2.8876297415849610e+00
    1.4685618820282431e+02 1.4929056670313383e+02 2.3892074657960416e+03
    1.1357866373250478e+00 -1.7810862600094342e-02
    2.9117402944924455e+00 1.4919919719871666e+02 1.4688743690072340e+02
    2.4611407797517140e+03</data></Extrinsic_Parameters>
