<?xml version="1.0"?>
<opencv_storage>
<calibration_Time>"Fri Feb 10 10:47:56 2017"</calibration_Time>
<nrOfFrames>25</nrOfFrames>
<image_Width>640</image_Width>
<image_Height>480</image_Height>
<board_Width>9</board_Width>
<board_Height>6</board_Height>
<square_Size>50.</square_Size>
<FixAspectRatio>1.</FixAspectRatio>
<!-- flags:  +fix_aspectRatio +fix_principal_point +zero_tangent_dist -->
<flagValue>14</flagValue>
<Camera_Matrix type_id="opencv-matrix">
  <rows>3</rows>
  <cols>3</cols>
  <dt>d</dt>
  <data>
    4.4620270026357667e+02 0. 3.1950000000000000e+02 0.
    4.4620270026357667e+02 2.3950000000000000e+02 0. 0. 1.</data></Camera_Matrix>
<Distortion_Coefficients type_id="opencv-matrix">
  <rows>5</rows>
  <cols>1</cols>
  <dt>d</dt>
  <data>
    -4.3040279810098514e-01 2.2561721422842518e-01 0. 0.
    -7.1321623669577755e-02</data></Distortion_Coefficients>
<Avg_Reprojection_Error>2.4116869309264195e+00</Avg_Reprojection_Error>
<Per_View_Reprojection_Errors type_id="opencv-matrix">
  <rows>25</rows>
  <cols>1</cols>
  <dt>f</dt>
  <data>
    2.17887115e+00 2.05331850e+00 2.00809860e+00 2.06801629e+00
    2.23781347e+00 2.28706551e+00 2.25265718e+00 2.18711853e+00
    2.27669096e+00 2.22153759e+00 2.36943913e+00 2.18498468e+00
    2.35038328e+00 2.12332320e+00 2.59867930e+00 2.49306417e+00
    2.70161271e+00 2.60703969e+00 2.67023802e+00 2.77928042e+00
    2.73346496e+00 2.63382339e+00 2.75549555e+00 2.64190435e+00
    2.56850243e+00</data></Per_View_Reprojection_Errors>
<!-- a set of 6-tuples (rotation vector + translation vector) for each view -->
<Extrinsic_Parameters type_id="opencv-matrix">
  <rows>25</rows>
  <cols>6</cols>
  <dt>d</dt>
  <data>
    -8.1326976424554540e-02 -2.3630776244571144e-01
    -5.3826108364987531e-02 -2.2264505540447396e+02
    -1.2745989478431692e+02 3.0352565089015133e+02
    -8.0147621949961528e-02 -1.3396266859091535e-01
    -6.0195123748958482e-03 -1.7187886887902943e+02
    -1.3753698960193765e+02 3.3092715163810033e+02
    -8.1265909397202282e-02 -1.5642147835661799e-01
    -3.6550102155972097e-02 -1.8801829284597130e+02
    -1.3312702335373882e+02 3.3092449665464937e+02
    -7.5457000229013652e-02 -1.4069698148306381e-01
    -4.9427926319124162e-02 -1.7306364856663799e+02
    -1.3353140390071843e+02 3.2010649197432775e+02
    -6.4386445603135278e-02 -1.3655352235724033e-01
    -4.2348084564620830e-02 -1.6819035980155712e+02
    -1.3930448257612514e+02 3.0060242474163499e+02
    -1.3879047265161046e-01 -9.8842905453171329e-02
    -2.6869268224630510e-02 -1.5477706892087866e+02
    -1.1388895677181790e+02 3.2608848288830626e+02
    -9.8435503546716610e-02 -1.5915312981407229e-01
    -4.7233507996304387e-02 -1.9244746428949247e+02
    -1.3243300367206572e+02 3.0298669312728686e+02
    -1.1218964723360403e-01 -1.4231288133792144e-01
    -4.6513756389829956e-02 -1.9056887891480065e+02
    -1.2637972659932076e+02 3.1465591123795605e+02
    -1.0986949002573645e-01 -1.4985131116510528e-01
    -4.1885674967781832e-02 -1.9044566065553167e+02
    -1.2640014179384801e+02 3.0977589725034727e+02
    -8.6247990422099977e-02 -8.4480648255327487e-02
    3.5302999467937690e-03 -1.5353507705924187e+02
    -1.4245549749481253e+02 3.2714613418953661e+02
    -1.9141343978615947e-02 -1.1488940927361220e-01
    -1.9358428054674262e-02 -1.8217380212619659e+02
    -1.5438534801375008e+02 3.0217489334799160e+02
    -5.4662999614276848e-02 -7.5040446515186807e-02
    -2.6729593509722836e-02 -1.6095518597216176e+02
    -1.3173351756973199e+02 3.2151109784065119e+02
    -5.0172938215935235e-02 -7.5145422169015541e-02
    -2.1781472058916847e-02 -1.5788752016060289e+02
    -1.3920094883505928e+02 3.2276445659941072e+02
    -9.2855763460431687e-02 -6.0657756264804338e-02
    -2.0707653818798098e-02 -1.5158309246614667e+02
    -1.2388318013179205e+02 3.3371943414955786e+02
    -6.1822507232584208e-02 -1.1133214107425812e-01
    -2.4734093080969421e-02 -1.7625387737935694e+02
    -1.3170315753258839e+02 2.8178892837603274e+02
    -5.8930007359948959e-02 -1.0725993922304113e-01
    -2.8489476259848580e-02 -1.6720922609176523e+02
    -1.3384591626598421e+02 2.8618631881808898e+02
    -5.4543408411100780e-02 -1.0904630993304178e-01
    -3.7866509895008338e-02 -1.6922497161603326e+02
    -1.3503401926989187e+02 2.7587732176288512e+02
    -7.2530443055630098e-02 -5.8254623936434616e-02
    -2.0504236752278800e-02 -1.5322256203272809e+02
    -1.1624367033309836e+02 2.9025258617833703e+02
    -1.0476367053423576e-01 -1.1674587940604433e-01
    -4.5689432841872178e-02 -1.8230007894702345e+02
    -1.1999738694123297e+02 2.7504119849159213e+02
    -9.8937819230231525e-02 -1.3018053786733169e-01
    -1.4670867068855514e-02 -1.8887892721814356e+02
    -1.2692029178046165e+02 2.6874063590757328e+02
    -7.8149103209017967e-02 -1.1353716802638900e-01
    -1.3914466856594233e-02 -1.7696392245222555e+02
    -1.3099588068551259e+02 2.6984754650552424e+02
    -8.6821073223258896e-02 -1.0035554432123869e-01
    -7.4841954517707171e-03 -1.6494144762471669e+02
    -1.2585068858906413e+02 2.8305154074735486e+02
    -7.8038679542337772e-02 -1.3562735694154543e-01
    -2.3871874364171930e-02 -1.8586542684389212e+02
    -1.3134582481975264e+02 2.6474778095399580e+02
    -7.8941944162898875e-02 -1.1199160216849223e-01
    -3.5751107760095421e-02 -1.7218362496962143e+02
    -1.3775016976548730e+02 2.8001036629997157e+02
    -7.9636071725928431e-02 -1.0239817023469121e-01
    -2.7390007539493146e-02 -1.6263161635226174e+02
    -1.4204612882370415e+02 2.9068352667859273e+02</data></Extrinsic_Parameters>
